images/bin_data/sk5545_DSM_2M.asc
ncols 500
nrows 500
xllcorner    455000
yllcorner    345000
cellsize     2
NODATA_value -9999
[rows 448 to 479 of 500, columns 213 to 283 of 500]
77.804 77.816 77.826 77.819 77.836 77.849 77.861 77.866 77.864 77.879 77.901 77.881 77.899 77.911 77.921 77.936 77.929 78.221 79.129 79.971 80.104 80.074 80.319 80.024 80.044 80.061 80.066 80.066 80.056 80.094 80.076 80.121 80.121 80.081 80.121 80.109 80.116 80.136 80.129 80.156 80.176 80.161 80.166 80.144 80.174 80.261 80.269 80.229 80.224 80.229 80.241 80.244 80.249 80.236 80.251 80.279 80.286 80.266 80.404 80.281 80.379 81.311 82.466 82.749 82.876 83.021 83.156 83.254 83.341 83.424 83.554
77.784 77.779 77.796 77.804 77.819 77.836 77.821 77.836 77.836 77.864 77.866 77.874 77.876 77.891 77.904 77.896 77.916 78.096 78.806 79.846 80.049 80.026 80.224 80.036 79.981 80.024 80.066 80.089 80.079 80.046 80.076 80.101 80.059 80.094 80.099 80.136 80.136 80.104 80.151 80.149 80.111 80.134 80.136 80.136 80.156 80.436 80.176 80.236 80.209 80.199 80.249 80.224 80.254 80.231 80.214 80.276 80.276 80.236 80.264 80.406 80.269 81.019 82.261 82.691 82.811 82.949 83.069 83.161 83.251 83.344 83.454
77.744 77.746 77.769 77.799 77.799 77.806 77.794 77.816 77.814 77.826 77.826 77.849 77.854 77.866 77.871 77.874 77.896 77.964 78.506 79.561 80.016 80.049 80.096 80.029 79.961 79.999 80.041 80.054 80.049 80.046 80.049 80.061 80.061 80.054 80.099 80.136 80.099 80.126 80.109 80.101 80.116 80.121 80.116 80.139 80.149 80.156 80.189 80.161 80.196 80.186 80.189 80.189 80.216 80.254 80.236 80.246 80.299 80.254 80.274 80.384 80.231 80.724 81.949 82.621 82.761 82.896 83.019 83.104 83.196 83.274 83.369
77.721 77.731 77.761 77.759 77.774 77.784 77.784 77.791 77.799 77.804 77.824 77.809 77.814 77.846 77.846 77.844 77.876 77.901 78.281 79.236 79.961 80.036 80.421 80.149 79.994 79.996 80.031 80.014 80.026 80.031 80.034 80.026 80.039 80.091 80.084 80.066 80.109 80.096 80.086 80.116 80.066 80.086 80.121 80.114 80.151 80.139 80.161 80.161 80.151 80.149 80.154 80.194 80.204 80.246 80.214 80.224 80.224 80.189 80.189 80.231 80.216 80.499 81.614 82.581 82.734 82.841 82.939 83.006 83.074 83.179 83.274
77.701 77.709 77.719 77.739 77.734 77.739 77.759 77.759 77.756 77.771 77.789 77.789 77.784 77.811 77.826 77.836 77.851 77.839 78.079 78.926 79.881 80.039 79.994 79.981 79.996 79.966 79.986 79.984 79.996 80.019 80.016 80.004 80.019 80.034 80.051 80.026 80.051 80.029 80.069 80.099 80.066 80.111 80.089 80.081 80.126 80.116 80.146 80.151 80.121 80.119 80.129 80.206 80.189 80.221 80.194 80.166 80.186 80.186 80.226 80.329 80.771 80.379 81.264 82.404 82.629 82.749 82.839 82.946 83.066 83.156 83.171
77.681 77.701 77.709 77.714 77.721 77.691 77.721 77.751 77.754 77.764 77.771 77.774 77.761 77.771 77.794 77.799 77.814 77.806 77.936 78.654 79.754 79.979 79.976 80.029 80.081 79.964 79.949 79.974 80.004 79.986 79.994 80.016 79.999 79.989 80.051 80.014 80.021 80.016 80.006 80.096 80.086 80.089 80.084 80.084 80.056 80.101 80.124 80.131 80.156 80.136 80.141 80.134 80.171 80.151 80.179 80.169 80.186 80.191 80.209 80.366 80.301 80.439 81.031 82.199 82.564 82.641 82.789 82.919 83.034 83.154 83.194
77.659 77.651 77.681 77.699 77.711 77.699 77.704 77.701 77.726 77.724 77.746 77.746 77.751 77.779 77.774 77.789 77.794 77.796 77.836 78.406 79.489 79.946 80.086 79.939 80.021 79.981 79.971 79.981 79.991 79.964 79.976 80.001 79.946 79.996 80.031 80.014 80.036 80.039 80.016 79.979 80.064 80.066 80.116 80.041 80.074 80.096 80.111 80.096 80.134 80.159 80.136 80.109 80.116 80.176 80.156 80.164 80.701 80.196 80.214 80.449 80.529 80.751 81.299 82.184 82.489 82.634 82.779 82.854 82.976 83.121 83.161
77.634 77.639 77.649 77.679 77.669 77.686 77.689 77.701 77.694 77.704 77.714 77.731 77.726 77.756 77.746 77.749 77.754 77.786 77.784 78.176 79.184 79.909 80.001 79.924 79.956 79.916 79.934 79.964 79.969 79.964 79.951 79.989 79.941 79.979 79.981 79.974 80.004 80.021 80.039 80.021 80.009 79.996 79.996 80.054 80.029 80.039 80.049 80.089 80.104 80.096 80.114 80.104 80.116 80.144 80.289 80.456 80.431 80.614 80.829 81.096 81.319 81.679 82.021 82.296 82.479 82.569 82.656 82.791 82.976 83.049 83.126
77.596 77.616 77.619 77.651 77.649 77.634 77.656 77.671 77.701 77.691 77.699 77.714 77.701 77.719 77.719 77.726 77.756 77.759 77.781 77.964 78.836 79.759 79.956 79.929 80.059 79.879 79.889 79.944 79.919 79.941 79.976 79.916 79.936 79.951 79.986 80.001 80.009 80.029 80.019 79.991 80.014 79.979 79.999 80.089 80.131 80.036 80.066 80.096 80.104 80.061 80.046 80.096 80.096 80.109 80.166 80.479 80.919 81.181 81.481 81.649 81.809 81.949 82.081 82.216 82.361 82.496 82.646 82.846 83.041 83.016 83.146
77.564 77.589 77.591 77.611 77.624 77.651 77.636 77.636 77.661 77.676 77.679 77.699 77.671 77.689 77.704 77.719 77.724 77.726 77.736 77.834 78.591 79.544 79.879 79.879 80.121 79.889 79.851 79.874 79.906 79.916 79.934 79.919 79.934 79.959 79.971 79.969 79.984 80.001 79.994 79.996 80.021 80.434 80.116 80.106 80.209 81.361 80.289 79.926 79.896 80.451 80.031 80.066 80.111 80.371 80.381 80.776 81.156 81.416 81.679 81.866 81.996 81.876 82.011 82.189 82.351 82.549 82.731 82.871 82.886 82.881 82.986
77.556 77.559 77.581 77.591 77.606 77.624 77.636 77.619 77.646 77.656 77.661 77.666 77.659 77.681 77.684 77.681 77.691 77.689 77.714 77.746 78.384 79.359 79.854 79.881 79.971 79.849 79.846 79.874 79.884 79.921 79.901 79.924 79.911 79.944 79.939 79.916 79.994 79.959 79.979 79.964 80.169 81.016 79.996 79.964 79.909 79.889 80.081 81.081 79.869 79.989 80.011 80.109 80.254 80.449 80.749 81.054 81.286 82.114 81.796 83.129 82.544 81.704 81.864 82.091 82.319 82.541 82.751 82.831 82.721 82.674 82.636
77.506 77.551 77.551 77.579 77.586 77.586 77.591 77.596 77.609 77.649 77.626 77.629 77.634 77.636 77.649 77.664 77.664 77.684 77.704 77.704 78.119 79.079 79.826 79.864 79.861 79.906 79.821 79.856 79.886 79.904 79.921 79.941 79.904 79.959 79.909 79.931 80.224 80.009 79.926 79.911 79.944 80.079 80.874 82.691 82.929 83.524 84.069 83.574 80.306 79.919 80.069 80.236 80.381 80.639 80.889 81.139 81.284 81.346 81.471 81.991 81.511 81.546 81.706 81.974 82.251 82.499 82.676 82.664 82.459 82.429 82.301
77.414 77.526 77.536 77.546 77.546 77.579 77.584 77.591 77.584 77.619 77.624 77.624 77.621 77.629 77.631 77.629 77.651 77.669 77.669 77.684 77.919 78.794 79.594 79.854 79.844 79.999 79.844 79.844 79.846 79.854 79.896 79.939 79.884 79.921 79.889 79.961 79.964 79.856 80.596 81.901 82.486 84.059 85.494 85.174 84.829 84.479 84.161 83.811 81.544 79.866 80.064 80.269 80.469 80.734 80.936 81.396 81.204 81.261 81.476 81.551 81.479 81.439 81.596 81.934 82.231 82.431 82.536 82.396 82.181 82.169 82.114
77.256 77.446 77.499 77.514 77.526 77.544 77.554 77.564 77.561 77.569 77.579 77.591 77.604 77.601 77.606 77.614 77.641 77.636 77.639 77.639 77.724 78.546 79.414 79.821 79.831 79.976 79.826 79.866 79.821 79.849 79.899 80.186 79.881 79.869 79.846 79.864 81.084 83.004 84.134 84.629 84.969 85.321 85.539 85.251 84.924 84.576 84.236 83.924 81.979 79.879 80.049 80.279 80.469 80.684 80.951 81.139 81.096 81.146 81.366 81.381 81.339 81.321 81.489 81.839 82.159 82.356 82.316 82.074 81.944 81.979 81.991
77.094 77.291 77.449 77.484 77.511 77.514 77.524 77.546 77.536 77.541 77.554 77.574 77.576 77.586 77.591 77.611 77.614 77.609 77.626 77.624 77.659 78.271 79.109 79.759 79.829 80.024 80.321 80.306 79.819 79.829 79.829 79.841 79.824 79.826 79.821 79.821 82.254 83.846 84.181 84.536 84.886 85.224 85.531 85.331 85.001 84.679 84.329 84.026 83.501 79.839 80.001 80.251 80.431 80.639 80.909 81.221 81.011 81.101 81.181 81.376 81.264 81.271 81.391 81.714 82.059 82.206 82.049 81.784 81.749 81.806 81.884
77.061 77.161 77.376 77.459 77.486 77.491 77.494 77.514 77.534 77.531 77.544 77.556 77.561 77.561 77.561 77.604 77.586 77.616 77.616 77.626 77.614 77.986 78.836 79.659 79.794 79.786 79.976 79.841 79.789 79.794 79.789 79.804 79.819 79.831 79.799 79.824 80.646 83.586 84.121 84.444 84.769 85.134 85.424 85.429 85.089 84.774 84.439 84.099 83.699 81.446 79.941 80.181 80.374 80.561 80.856 80.891 81.116 81.029 81.159 81.346 81.159 81.236 81.299 81.579 81.899 82.029 81.791 81.579 81.591 81.626 81.701
76.936 77.006 77.241 77.419 77.426 77.451 77.489 77.491 77.486 77.501 77.509 77.514 77.519 77.541 77.561 77.589 77.581 77.579 77.559 77.571 77.606 77.769 78.524 79.371 79.746 79.731 79.709 79.744 79.764 79.794 79.824 79.819 79.821 79.819 79.789 79.791 79.924 83.199 84.026 84.364 84.721 85.016 85.361 85.371 85.184 84.854 84.529 84.179 83.841 82.141 79.904 80.136 80.321 80.556 80.806 80.826 80.941 80.959 80.964 81.099 81.066 81.126 81.176 81.424 81.724 81.794 81.569 81.406 81.439 81.459 81.509
76.861 76.919 77.119 77.339 77.401 77.429 77.451 77.474 77.459 77.479 77.479 77.481 77.499 77.524 77.531 77.531 77.549 77.561 77.554 77.549 77.546 77.601 78.239 79.121 79.684 79.736 79.736 79.751 79.734 79.766 79.779 79.789 79.816 79.824 79.811 79.796 79.819 82.569 83.941 84.274 84.611 84.956 85.281 85.529 85.264 84.941 84.609 84.269 83.929 82.561 79.911 80.096 80.281 80.516 80.684 80.726 80.959 80.916 80.919 81.039 81.046 80.979 81.054 81.261 81.521 81.601 81.374 81.299 81.329 81.351 81.421
76.914 76.886 76.966 77.194 77.366 77.404 77.424 77.451 77.456 77.469 77.454 77.489 77.489 77.499 77.509 77.501 77.516 77.514 77.524 77.514 77.529 77.571 77.946 78.796 79.566 79.731 79.766 79.761 79.751 79.731 79.754 79.806 79.816 79.806 79.801 79.804 79.769 81.574 83.859 84.181 84.539 84.861 85.211 85.519 85.346 85.019 84.671 84.359 84.024 83.401 80.491 80.079 80.284 80.569 80.724 80.696 80.816 80.931 80.864 80.879 81.371 80.934 80.994 81.136 81.291 81.321 81.196 81.194 81.171 81.224 81.306
76.904 76.906 76.844 77.061 77.304 77.364 77.399 77.419 77.456 77.451 77.446 77.454 77.459 77.459 77.491 77.499 77.519 77.506 77.526 77.501 77.504 77.514 77.709 78.484 79.351 79.671 79.711 79.691 79.709 79.711 79.726 79.771 79.791 79.796 79.781 79.789 79.779 79.971 83.684 84.096 84.419 84.764 85.101 85.446 85.444 85.086 84.764 84.456 84.089 83.791 81.079 79.969 80.196 80.586 80.616 80.676 80.769 80.811 80.784 80.796 80.856 80.846 80.911 81.031 81.076 81.064 81.061 81.066 81.056 81.094 81.146
76.866 76.856 76.941 76.909 77.159 77.331 77.371 77.391 77.401 77.411 77.421 77.426 77.431 77.449 77.456 77.476 77.486 77.469 77.489 77.474 77.481 77.499 77.549 78.126 79.024 79.609 79.674 79.699 79.709 79.731 79.736 79.746 79.746 79.779 79.766 79.776 79.809 79.826 83.219 83.994 84.334 84.649 84.996 85.336 85.514 85.191 84.879 84.521 84.199 83.856 81.494 79.966 80.136 80.476 80.679 80.716 80.809 80.741 80.724 80.796 80.746 80.789 80.861 80.906 80.904 80.929 80.931 80.971 80.886 80.979 81.046
76.861 76.991 76.919 76.884 77.079 77.284 77.329 77.364 77.371 77.396 77.399 77.401 77.416 77.419 77.424 77.454 77.461 77.459 77.466 77.469 77.474 77.459 77.509 77.801 78.669 79.504 79.641 79.679 79.674 79.669 79.691 79.704 79.731 79.756 79.749 79.779 79.819 79.879 81.886 83.906 84.251 84.566 84.914 85.249 85.546 85.299 84.959 84.636 84.054 82.681 81.229 79.981 80.216 80.401 80.669 80.646 80.706 80.681 80.699 80.864 80.624 80.671 80.736 80.744 80.784 80.791 80.844 80.849 80.841 81.021 80.966
76.864 76.904 76.866 76.834 76.941 77.176 77.284 77.324 77.354 77.356 77.371 77.364 77.386 77.401 77.409 77.409 77.429 77.421 77.431 77.446 77.449 77.451 77.504 77.614 78.369 79.304 79.604 79.641 79.646 79.654 79.654 79.669 79.721 79.749 79.754 79.776 79.819 79.886 81.431 83.816 84.159 84.496 84.829 85.176 85.491 84.341 83.724 82.646 80.481 79.956 79.964 79.984 80.134 80.404 80.486 80.516 80.494 80.541 80.536 80.566 80.554 80.591 80.644 80.709 80.641 80.621 80.679 80.696 80.736 80.749 80.814
76.834 76.876 76.926 76.864 76.839 77.064 77.239 77.291 77.316 77.359 77.334 77.326 77.361 77.381 77.366 77.379 77.396 77.404 77.434 77.431 77.426 77.426 77.444 77.526 77.969 78.936 79.514 79.614 79.629 79.634 79.624 79.666 79.734 79.769 79.756 79.759 79.801 79.839 80.004 83.419 84.059 84.186 84.304 84.044 82.024 80.009 79.964 79.916 79.964 79.991 80.024 80.086 80.204 80.336 80.339 80.321 80.304 80.279 80.254 80.381 80.469 80.494 80.486 80.499 80.511 80.471 80.559 80.571 80.561 81.091 80.769
76.796 76.941 76.931 76.841 76.804 76.986 77.209 77.289 77.304 77.326 77.321 77.324 77.319 77.354 77.344 77.341 77.356 77.386 77.394 77.396 77.386 77.404 77.419 77.459 77.786 78.601 79.391 79.591 79.626 79.614 79.596 79.611 79.689 79.724 79.729 79.729 79.761 79.839 79.861 80.984 81.241 80.061 79.946 79.944 79.946 79.906 79.899 79.941 79.956 80.026 80.036 80.084 80.134 80.204 80.176 80.191 80.194 80.179 80.161 80.156 80.226 80.309 80.316 80.339 80.401 80.359 80.426 80.386 80.416 80.456 80.514
76.736 76.771 76.849 76.909 76.784 76.936 77.181 77.264 77.276 77.284 77.301 77.319 77.321 77.311 77.319 77.336 77.354 77.361 77.371 77.369 77.366 77.356 77.376 77.421 77.631 78.369 79.146 79.499 79.576 79.599 79.596 79.604 79.641 79.684 79.704 79.739 79.741 79.784 79.806 79.821 79.844 79.874 79.851 79.861 79.846 79.834 79.854 79.891 79.894 79.954 79.971 79.986 80.024 80.071 80.111 80.104 80.111 80.096 80.039 80.044 80.019 80.091 80.151 80.146 80.171 80.236 80.309 80.291 80.336 80.339 80.351
76.729 76.694 76.746 76.779 76.781 76.894 77.136 77.231 77.236 77.221 77.274 77.284 77.301 77.296 77.314 77.324 77.326 77.336 77.329 77.349 77.339 77.361 77.361 77.381 77.476 77.989 78.986 79.416 79.506 79.549 79.556 79.611 79.641 79.664 79.674 79.724 79.776 79.744 79.796 79.764 79.784 79.786 79.721 79.724 79.764 79.771 79.769 79.811 79.844 79.869 79.884 79.924 79.909 79.961 80.299 80.464 80.506 80.319 79.921 79.894 79.929 79.934 79.984 79.974 79.994 80.254 80.216 80.209 80.211 80.259 80.224
76.741 76.649 76.734 76.721 76.746 76.899 77.099 77.214 77.216 77.231 77.241 77.246 77.266 77.276 77.281 77.316 77.306 77.324 77.316 77.324 77.316 77.366 77.359 77.374 77.406 77.756 78.501 79.269 79.461 79.529 79.634 79.696 79.691 79.656 79.684 79.739 79.754 79.714 79.744 79.694 79.684 79.671 79.651 79.676 79.664 79.679 79.689 79.724 79.779 79.781 79.819 79.809 79.831 79.931 80.201 80.126 80.109 79.969 79.844 79.776 79.799 79.779 79.791 79.759 79.796 80.104 80.084 80.059 80.066 80.076 80.041
76.719 76.661 76.726 76.754 76.756 76.851 77.029 77.156 77.171 77.206 77.214 77.221 77.229 77.254 77.266 77.259 77.289 77.291 77.301 77.289 77.306 77.311 77.346 77.354 77.381 77.469 78.144 79.064 79.409 79.544 79.709 79.776 79.786 79.751 79.656 79.679 79.674 79.661 79.651 79.639 79.619 79.626 79.599 79.606 79.611 79.629 79.636 79.669 79.679 79.714 79.734 79.711 79.726 79.819 79.871 79.846 79.756 79.704 79.634 79.656 79.679 79.649 79.674 79.639 79.644 79.874 79.904 79.914 79.929 79.901 79.964
76.616 76.639 76.794 76.801 76.776 76.936 76.924 77.069 77.124 77.146 77.161 77.181 77.191 77.224 77.231 77.226 77.261 77.274 77.289 77.261 77.289 77.294 77.321 77.354 77.356 77.406 77.901 78.891 79.371 79.491 79.696 79.741 79.789 79.696 79.581 79.589 79.621 79.596 79.584 79.564 79.549 79.561 79.551 79.526 79.529 79.551 79.564 79.614 79.651 79.649 79.609 79.616 79.631 79.649 79.619 79.641 79.704 79.551 79.549 79.526 79.549 79.531 79.541 79.546 79.524 79.661 79.814 79.791 79.766 79.769 79.811
76.546 76.674 76.746 76.771 76.814 76.806 76.861 77.009 77.111 77.106 77.116 77.146 77.169 77.171 77.189 77.204 77.229 77.266 77.249 77.246 77.271 77.296 77.301 77.314 77.364 77.399 77.711 78.664 79.344 79.459 79.524 79.686 79.639 79.496 79.494 79.516 79.516 79.521 79.531 79.526 79.461 79.481 79.456 79.449 79.441 79.551 79.554 79.536 79.594 79.569 79.501 79.499 79.521 79.496 79.499 79.461 79.586 79.474 79.404 79.384 79.411 79.436 79.414 79.391 79.384 79.456 79.681 79.704 79.664 79.674 79.699
76.589 76.624 76.676 76.684 76.734 76.811 76.806 76.984 77.106 77.096 77.111 77.101 77.129 77.154 77.194 77.206 77.241 77.226 77.251 77.234 77.244 77.274 77.299 77.314 77.359 77.361 77.519 78.441 79.296 79.396 79.454 79.476 79.464 79.404 79.419 79.444 79.589 79.734 79.579 79.729 79.424 79.401 79.366 79.384 79.456 79.439 79.379 79.389 79.371 79.369 79.364 79.381 79.356 79.361 79.351 79.339 79.401 79.386 79.246 79.251 79.286 79.279 79.301 79.259 79.284 79.331 79.606 79.571 79.539 79.574 79.569
