images/bin_data/sk5545_DSM_2M.asc
ncols 500
nrows 500
xllcorner    455000
yllcorner    345000
cellsize     2
NODATA_value -9999
[rows 352 to 383 of 500, columns 0 to 70 of 500]
66.669 66.801 66.809 66.876 67.019 67.156 67.261 67.411 67.514 67.586 67.676 67.781 67.899 68.001 68.184 68.204 68.264 68.339 68.449 68.526 68.599 68.764 68.931 68.971 68.981 69.049 69.119 69.224 69.291 69.341 69.416 69.454 69.554 69.639 69.711 69.764 69.814 69.834 69.861 69.974 70.039 70.176 70.354 70.366 70.424 70.679 70.759 70.154 69.804 69.644 69.696 69.841 69.854 69.906 69.904 69.994 70.241 71.191 71.599 72.091 72.334 72.424 72.119 72.119 72.211 72.276 72.316 71.714 70.914 70.651 71.091
66.761 66.884 66.861 66.924 67.071 67.194 67.339 67.484 67.614 67.679 67.741 67.836 67.966 68.069 68.184 68.356 68.346 68.441 68.534 68.614 68.709 68.866 68.964 68.979 69.039 69.096 69.151 69.304 69.404 69.459 69.516 69.596 69.614 69.674 69.774 69.894 69.944 69.981 70.034 70.231 70.426 70.491 70.531 70.554 70.549 70.644 70.961 70.581 70.066 69.806 69.744 69.831 69.979 70.004 70.059 70.064 70.219 71.009 71.579 72.346 72.379 72.456 72.124 72.136 72.214 72.286 72.314 71.806 70.991 71.179 71.104
66.841 66.891 66.944 66.986 67.116 67.234 67.366 67.529 67.684 67.756 67.824 67.886 67.999 68.106 68.214 68.424 68.439 68.499 68.606 68.754 68.886 68.991 69.071 69.139 69.161 69.209 69.226 69.344 69.426 69.536 69.564 69.581 69.619 69.689 69.936 70.024 70.169 70.356 70.441 70.521 70.571 70.566 70.591 70.561 70.684 70.629 71.076 70.946 70.516 69.959 69.859 69.866 70.049 70.109 70.196 70.136 70.274 71.139 71.651 72.506 72.374 72.161 72.099 72.121 72.226 72.289 72.364 71.929 71.086 70.699 70.641
66.929 66.936 67.011 67.059 67.156 67.256 67.436 67.591 67.749 67.826 67.901 67.971 68.059 68.151 68.269 68.459 68.554 68.569 68.686 68.904 69.066 69.114 69.151 69.211 69.226 69.276 69.326 69.381 69.484 69.579 69.616 69.624 69.694 69.946 70.199 70.434 70.559 70.574 70.554 70.594 70.594 70.596 70.596 70.576 70.599 70.656 70.779 71.266 70.656 70.151 69.956 69.951 70.156 70.216 70.216 70.226 70.306 71.769 71.526 71.984 72.226 72.156 72.166 72.131 72.199 72.289 72.359 72.071 71.261 70.741 70.656
67.064 67.079 67.101 67.139 67.189 67.344 67.501 67.659 67.806 67.901 67.979 68.061 68.144 68.246 68.334 68.459 68.659 68.666 68.759 68.999 69.076 69.119 69.146 69.191 69.236 69.301 69.391 69.464 69.559 69.636 69.731 69.816 70.204 70.399 70.539 70.561 70.584 70.581 70.499 70.549 70.569 70.574 70.589 70.576 70.586 70.654 70.676 71.149 70.981 70.479 70.161 70.034 70.206 70.299 70.356 70.276 70.371 70.599 71.201 71.944 72.169 72.096 72.186 72.171 72.219 72.299 72.346 72.174 71.384 70.776 70.616
67.114 67.201 67.199 67.211 67.311 67.434 67.609 67.769 67.889 67.999 68.096 68.141 68.196 68.314 68.381 68.516 68.709 68.751 68.884 69.054 69.094 69.094 69.136 69.174 69.226 69.279 69.466 69.541 69.606 69.686 69.766 70.146 70.516 70.526 70.521 70.569 70.561 70.576 70.529 70.539 70.556 70.569 70.579 70.559 70.564 70.656 70.611 71.041 71.146 71.711 70.359 70.189 70.274 70.391 70.491 70.429 70.451 70.496 71.176 71.814 72.901 72.921 72.249 72.254 72.264 72.386 72.369 72.251 71.586 70.874 71.181
67.191 67.349 67.359 67.339 67.396 67.534 67.741 67.941 68.059 68.131 68.196 68.229 68.266 68.371 68.471 68.561 68.729 68.819 68.971 69.034 69.071 69.099 69.094 69.134 69.196 69.264 69.444 69.666 69.689 69.791 69.884 70.384 70.529 70.516 70.546 70.566 70.534 70.569 70.571 70.556 70.549 70.586 70.581 70.584 70.579 70.621 70.659 70.829 71.244 70.991 70.699 70.324 70.311 70.469 70.556 70.549 70.559 70.614 70.896 71.654 72.224 73.294 72.206 72.266 72.336 72.421 72.416 72.356 71.884 71.039 70.936
67.271 67.414 67.509 67.516 67.626 67.761 67.936 68.101 68.226 68.294 68.211 68.274 68.406 68.474 68.526 68.631 68.771 68.886 68.999 69.021 69.066 69.071 69.094 69.131 69.179 69.234 69.431 69.744 69.774 69.906 70.239 70.516 70.556 70.569 70.569 70.569 70.571 70.594 70.571 70.564 70.561 70.591 70.554 70.571 70.576 70.559 70.641 70.701 71.206 71.154 70.864 72.166 70.384 70.491 70.589 70.681 70.789 70.716 70.826 71.511 71.454 72.109 72.219 72.281 72.361 72.484 72.484 72.441 72.226 71.261 70.611
67.284 67.454 67.639 67.746 67.854 67.964 68.099 68.234 68.294 68.464 68.366 68.246 68.406 68.569 68.599 68.689 68.779 68.946 69.051 69.074 69.054 69.074 69.124 69.174 69.186 69.254 69.481 69.814 69.831 69.959 70.266 70.541 70.556 70.561 70.574 70.579 70.584 70.581 70.566 70.566 70.571 70.579 70.571 70.571 70.584 70.569 70.669 70.644 71.029 71.319 71.086 70.771 70.536 70.584 70.659 70.731 70.756 70.794 70.791 71.079 71.661 72.451 72.214 72.239 72.396 72.546 72.519 72.514 72.409 71.626 70.866
67.331 67.506 67.769 67.939 68.044 68.119 68.196 68.264 68.384 68.511 68.736 68.466 68.356 68.594 68.736 68.756 68.789 68.971 69.136 69.154 69.096 69.121 69.154 69.196 69.239 69.301 69.616 69.846 69.909 70.001 70.366 70.556 70.566 70.556 70.574 70.564 70.571 70.564 70.561 70.564 70.571 70.574 70.554 70.574 70.579 70.559 70.651 70.824 71.029 71.159 71.049 70.624 70.571 70.639 70.794 70.831 70.866 70.859 70.849 71.069 72.006 72.266 72.141 72.231 72.474 72.606 72.741 72.894 74.074 72.546 71.591
67.384 67.619 67.896 68.104 68.164 68.204 68.271 68.319 68.399 68.484 68.666 68.824 68.439 68.534 68.846 68.856 68.874 68.994 69.311 69.261 69.229 69.211 69.179 69.211 69.296 69.491 69.754 69.826 69.969 70.059 70.404 70.566 70.564 70.551 70.544 70.554 70.589 70.584 70.561 70.579 70.576 70.591 70.604 70.601 70.671 70.781 70.826 70.936 70.846 70.866 70.791 70.686 70.636 70.696 70.841 70.876 70.946 70.996 70.956 71.089 71.606 72.106 72.109 72.414 73.319 72.679 72.731 73.641 73.174 72.911 72.516
67.454 67.724 68.054 68.201 68.256 68.259 68.324 68.364 68.429 68.511 68.619 68.826 68.771 68.569 68.916 68.954 68.964 69.086 69.279 69.326 69.406 69.399 69.404 69.476 69.589 69.709 69.891 70.031 70.126 70.144 70.501 70.549 70.524 70.524 70.536 70.549 70.599 70.609 70.594 70.621 70.626 70.676 70.709 70.804 70.886 70.851 70.806 70.826 70.886 70.881 70.841 70.796 70.756 70.811 71.396 71.221 71.049 71.054 71.051 71.079 71.319 72.849 73.946 73.321 74.041 73.931 73.384 73.699 72.724 72.569 72.699
67.519 67.699 68.184 68.321 68.311 68.331 68.379 68.416 68.486 68.541 68.601 68.681 68.861 68.961 69.004 69.049 69.061 69.174 69.314 69.429 69.484 69.549 69.646 69.759 69.871 70.059 70.114 70.166 70.209 70.224 70.546 70.569 70.574 70.546 70.581 70.606 70.661 70.659 70.664 70.694 70.726 70.834 70.791 70.811 70.821 70.824 70.856 70.876 70.911 70.894 70.879 70.861 70.871 70.876 71.329 71.814 71.074 71.126 71.111 71.126 72.124 75.049 75.324 75.049 73.974 73.174 73.204 72.799 72.709 72.574 72.336
67.636 67.714 68.056 68.476 68.364 68.356 68.411 68.439 68.481 68.544 68.554 68.634 68.791 68.954 69.059 69.149 69.171 69.299 69.414 69.549 69.651 69.776 69.914 70.061 70.119 70.181 70.189 70.181 70.191 70.224 70.556 70.581 70.574 70.589 70.584 70.611 70.641 70.576 70.636 70.681 70.694 70.731 70.829 70.804 70.819 70.899 70.894 70.931 70.989 70.956 71.001 71.069 71.144 71.139 71.144 71.836 71.164 71.186 71.254 71.231 71.329 73.471 73.394 72.774 73.166 72.889 72.951 72.814 72.759 72.656 72.286
67.696 67.789 67.904 68.501 68.439 68.404 68.436 68.474 68.499 68.551 68.584 68.661 68.854 68.996 69.106 69.219 69.289 69.409 69.609 69.809 69.989 70.079 70.094 70.151 70.171 70.181 70.209 70.174 70.214 70.224 70.564 70.589 70.734 70.694 70.516 70.511 70.539 70.586 70.611 70.681 70.696 70.721 70.794 70.814 70.864 70.884 70.964 71.006 71.111 71.181 71.249 71.291 71.361 71.306 71.214 71.199 71.314 71.339 71.341 71.274 71.329 71.839 72.666 72.819 72.814 72.799 72.884 72.774 72.734 72.614 72.396
67.756 67.919 67.876 68.339 68.511 68.404 68.429 68.469 68.489 68.576 68.629 68.734 68.981 69.056 69.134 69.254 69.351 69.499 69.691 69.999 70.109 70.144 70.136 70.169 70.176 70.186 70.194 70.191 70.211 70.204 70.371 70.456 70.901 71.434 70.614 70.489 70.539 70.571 70.621 70.651 70.701 70.756 70.866 70.894 70.919 71.011 71.059 71.084 71.241 71.336 71.336 71.379 71.394 71.386 71.314 71.306 71.364 71.396 71.434 71.444 71.386 71.746 72.606 72.899 72.801 72.796 72.844 72.741 72.706 72.629 72.481
67.829 67.996 67.931 68.034 68.466 68.446 68.439 68.471 68.541 68.609 68.671 68.829 69.054 69.159 69.186 69.334 69.451 69.556 69.654 69.979 70.104 70.166 70.179 70.176 70.174 70.169 70.149 70.176 70.209 70.281 70.266 70.311 70.344 70.776 71.131 70.469 70.509 70.579 70.599 70.636 70.691 70.764 70.984 71.136 71.259 71.314 71.266 71.204 71.286 71.364 71.404 71.434 71.476 71.499 71.434 71.356 71.391 71.441 71.519 71.479 71.451 71.581 72.284 72.731 72.839 72.826 72.841 72.691 72.761 72.996 72.581
67.891 68.044 68.121 68.099 68.406 68.456 68.494 68.546 68.626 68.706 68.816 68.961 69.086 69.204 69.321 69.434 69.509 69.586 69.684 69.921 70.099 70.164 70.164 70.169 70.159 70.144 70.139 70.161 70.249 70.209 70.199 70.266 70.321 70.389 70.426 70.481 70.546 70.574 70.551 70.611 70.961 71.414 71.221 71.379 71.371 71.364 71.349 71.346 71.329 71.414 71.441 71.524 73.031 74.856 73.649 71.411 71.441 71.491 71.556 71.446 71.471 71.576 72.184 72.771 72.894 72.806 72.769 72.954 73.286 73.131 72.799
67.906 68.059 68.149 68.301 68.424 68.534 68.614 68.706 68.806 68.899 68.989 69.064 69.154 69.234 69.354 69.439 69.526 69.601 69.964 69.869 70.049 70.151 70.156 70.151 70.121 70.164 70.074 70.034 70.094 70.181 70.214 70.271 70.336 70.406 70.459 70.479 70.734 70.656 70.581 70.641 71.444 71.629 71.386 71.351 71.414 71.381 71.406 71.411 71.564 73.131 75.366 75.359 76.716 77.374 77.294 72.559 71.491 71.564 71.606 71.554 71.574 71.639 72.079 72.779 72.941 72.939 72.724 72.729 74.119 73.431 72.859
67.969 68.099 68.179 68.346 68.469 68.571 68.656 68.779 68.899 68.974 69.074 69.076 69.186 69.244 69.391 69.484 69.571 69.631 70.109 69.871 70.019 70.089 70.111 70.019 69.959 70.006 69.996 70.069 70.119 70.186 70.359 70.606 70.484 70.411 70.421 71.199 71.351 70.824 70.571 70.651 71.029 71.211 70.941 71.271 71.414 71.391 73.026 74.509 75.369 77.384 78.239 78.016 78.616 79.139 79.174 76.224 72.119 71.589 71.701 71.689 71.669 71.634 72.126 73.414 72.844 73.841 72.741 72.754 73.751 74.381 72.966
68.046 68.034 68.146 68.371 68.541 68.661 68.744 68.839 69.001 69.104 69.166 69.186 69.271 69.329 69.456 69.554 69.651 69.764 69.824 69.934 69.934 69.884 69.869 69.966 69.999 70.029 70.051 70.111 70.184 70.636 70.944 71.449 70.789 70.439 70.474 70.771 71.444 70.839 70.669 70.684 70.744 70.779 70.824 71.089 71.424 72.084 76.394 77.349 77.951 78.551 79.194 79.124 78.999 78.611 78.374 76.216 73.084 71.611 71.801 71.701 71.686 71.711 71.761 72.581 73.844 74.961 72.794 72.661 73.844 74.084 72.411
68.086 68.134 68.171 68.381 68.784 68.729 68.844 68.984 69.076 69.206 69.306 69.339 69.371 69.429 69.534 69.761 69.771 69.729 69.741 69.739 69.826 69.881 69.974 69.951 69.996 70.046 70.101 70.461 71.376 70.906 70.309 70.886 70.886 70.499 70.546 70.831 71.434 71.386 70.786 70.736 70.751 70.776 70.891 71.106 71.396 73.364 78.196 79.051 79.094 79.001 78.634 78.411 78.396 78.284 77.226 72.226 72.156 71.696 71.746 71.789 71.776 71.771 71.796 72.064 73.231 72.931 72.881 72.674 72.844 72.481 72.134
68.264 68.294 68.261 68.376 68.571 68.769 68.876 68.999 69.134 69.224 69.351 69.424 69.476 69.616 69.621 69.586 69.589 69.626 69.696 69.759 69.816 69.861 69.936 70.169 70.499 70.229 70.116 70.171 70.634 71.024 70.441 71.091 71.389 70.689 70.519 70.606 71.551 71.491 70.914 70.781 70.786 71.234 71.961 71.564 71.319 72.826 78.684 78.444 78.394 78.516 78.209 77.369 77.874 78.396 77.199 73.031 71.801 71.726 71.744 71.811 71.861 71.849 71.821 71.891 73.424 72.944 72.894 72.826 72.681 72.731 74.194
68.391 68.426 68.391 68.431 68.621 68.729 68.876 68.971 69.104 69.221 69.379 69.479 69.401 69.459 69.474 69.529 69.601 69.666 69.716 69.759 69.824 69.876 70.344 70.311 70.434 70.424 70.116 70.181 70.414 71.004 70.869 71.174 71.134 70.801 70.549 70.584 70.946 71.496 71.351 70.779 70.814 71.019 71.181 70.969 71.211 71.716 75.921 77.259 77.221 76.816 77.124 77.149 76.399 77.751 77.809 75.346 72.291 71.871 71.809 71.874 71.924 71.941 71.946 71.976 72.779 73.024 72.911 72.886 72.669 72.794 74.289
69.199 68.564 68.561 68.524 68.681 68.839 69.046 69.464 70.879 70.789 69.189 69.206 69.314 69.379 69.466 69.551 69.636 69.831 69.744 69.826 69.871 69.976 70.279 70.534 71.106 70.741 70.134 70.166 70.514 70.864 70.859 70.726 71.269 71.091 70.551 70.634 70.774 71.636 71.059 70.781 70.819 70.871 70.981 71.034 71.159 71.381 73.729 76.501 77.339 75.776 76.221 77.374 76.494 77.391 78.171 75.869 72.841 71.991 71.854 71.999 71.976 72.014 72.039 72.056 72.291 73.814 73.129 74.326 72.654 72.749 72.841
70.349 70.041 69.071 68.729 69.164 70.991 70.074 70.229 69.759 69.116 69.171 69.271 69.364 69.454 69.506 69.564 70.099 70.779 70.134 69.854 69.869 69.911 69.911 70.049 70.121 70.476 70.311 70.206 70.381 71.381 71.119 70.769 71.034 71.021 70.656 70.609 70.674 71.046 71.599 71.091 70.836 70.916 71.019 71.059 71.161 72.239 74.291 75.881 77.284 76.369 75.871 77.339 76.679 75.729 74.719 74.256 72.951 72.019 71.946 71.976 72.009 72.034 72.036 72.004 72.094 73.139 72.949 72.936 72.696 72.654 72.926
68.446 69.799 70.391 71.174 70.489 69.864 68.971 69.016 69.109 69.144 69.244 69.334 69.414 69.479 69.569 69.599 69.816 70.439 70.721 69.981 69.856 69.914 69.954 70.079 70.589 71.161 70.596 70.266 70.306 71.011 71.214 70.514 70.576 71.051 70.904 70.651 70.694 71.269 71.189 70.984 70.884 71.076 72.519 73.801 73.909 74.511 74.556 75.374 77.011 76.899 75.591 76.779 77.169 75.951 74.364 72.839 72.151 72.001 71.984 72.071 72.114 72.064 72.109 72.111 72.136 73.009 72.914 72.964 72.801 72.676 72.764
68.484 68.644 68.711 69.126 68.864 68.939 68.969 69.071 69.139 69.214 69.311 69.394 69.471 69.521 69.581 69.654 69.739 69.946 69.856 69.879 69.936 69.989 70.009 70.056 70.146 70.229 70.356 70.316 70.359 70.409 70.779 71.049 70.721 71.529 70.909 70.669 70.699 70.701 71.029 72.636 73.106 73.791 74.164 74.451 74.524 74.506 74.524 74.819 76.466 77.311 75.994 76.354 77.396 76.084 74.476 73.064 72.449 72.211 72.101 72.069 72.121 72.071 72.106 72.179 72.144 72.291 73.014 72.976 72.949 72.739 72.849
68.504 68.624 68.694 68.784 68.904 68.969 69.004 69.091 69.214 69.286 69.371 69.474 69.531 69.566 69.634 69.719 69.726 69.959 70.239 70.086 69.989 70.026 70.094 70.136 70.194 70.606 71.156 70.596 70.386 70.536 71.099 71.164 70.886 71.091 71.451 70.621 70.661 71.049 73.941 75.334 74.454 74.399 74.546 74.526 74.479 74.569 73.949 73.529 75.916 77.426 76.296 75.659 77.176 76.621 74.829 74.054 72.861 72.541 72.189 72.089 72.149 72.184 72.191 72.201 72.149 72.239 72.744 75.994 76.224 73.224 72.749
68.554 68.629 68.746 68.859 68.941 69.006 69.094 69.186 69.281 69.366 69.439 69.519 69.581 69.624 69.661 69.744 69.769 70.324 70.404 69.984 70.009 70.086 70.121 70.169 70.224 70.526 70.386 70.369 70.429 70.434 70.526 70.726 70.681 70.546 70.591 70.624 70.679 70.686 73.681 75.849 75.054 73.809 74.546 74.539 74.499 74.584 73.256 72.171 75.419 77.069 76.881 75.469 76.711 77.166 75.441 74.834 75.184 73.714 72.224 72.231 72.279 72.431 72.236 72.264 72.184 72.219 72.576 74.579 73.074 75.254 72.854
68.569 68.656 68.766 68.879 68.994 69.094 69.144 69.259 69.339 69.446 69.514 69.614 69.646 69.674 69.716 69.751 69.864 69.874 69.959 69.989 70.021 70.091 70.186 70.431 71.014 70.689 70.879 71.124 70.391 70.431 70.486 70.506 70.516 70.569 70.586 70.616 70.659 71.304 71.594 75.274 75.649 73.381 74.619 74.574 74.554 74.491 74.504 71.624 73.779 76.491 77.306 75.676 76.059 77.194 75.446 74.314 73.349 72.446 73.116 72.271 72.246 73.144 72.404 72.299 72.236 72.214 72.426 72.666 72.896 72.896 72.861
68.574 68.716 68.806 68.924 69.054 69.134 69.206 69.294 69.364 69.456 69.541 69.611 69.626 69.709 69.784 69.824 69.864 69.911 69.954 70.031 70.099 70.141 70.234 70.346 71.671 72.536 73.101 72.674 70.436 70.406 70.444 70.496 70.534 70.579 70.626 70.644 70.671 70.706 70.931 74.306 75.649 74.039 74.026 74.531 74.484 74.471 74.496 72.449 72.379 75.989 77.241 75.686 74.929 75.021 72.279 71.826 71.839 72.304 74.099 72.319 72.206 73.639 72.451 72.284 72.261 72.276 72.391 72.571 72.756 72.866 72.891
