images/bin_data/sk5545_DSM_2M.asc
ncols 500
nrows 500
xllcorner    455000
yllcorner    345000
cellsize     2
NODATA_value -9999
[rows 0 to 31 of 500, columns 426 to 496 of 500]
82.014 80.447 80.604 81.392 81.449 82.122 82.244 83.387 83.557 83.132 82.987 83.112 83.369 83.604 83.822 83.937 84.012 84.704 85.439 86.312 86.352 90.279 92.489 93.094 92.487 90.592 87.227 87.314 87.682 87.909 87.719 87.702 87.844 87.982 88.114 88.942 90.657 89.922 88.842 89.102 89.244 90.574 91.102 92.194 90.072 90.474 90.224 90.447 90.709 90.829 90.877 90.949 91.027 91.684 91.674 93.442 91.964 92.134 92.742 93.797 93.824 93.337 92.359 92.372 94.629 98.299 98.447 98.562 98.677 98.822 98.952
82.669 80.487 80.624 81.639 82.277 82.567 82.682 82.769 82.907 83.127 83.367 83.582 83.794 83.967 84.147 84.317 84.509 84.904 86.084 86.004 86.834 89.042 92.744 93.419 92.839 90.954 87.024 87.442 87.832 87.969 87.907 87.844 87.959 88.029 88.237 92.897 95.822 90.082 89.307 89.527 89.677 92.547 90.317 90.852 90.374 91.102 90.449 90.562 90.664 91.077 91.257 91.477 92.367 92.559 94.079 94.869 94.607 95.014 95.222 95.384 95.154 93.484 92.444 92.429 93.729 99.112 99.064 99.014 98.947 98.889 98.837
83.974 80.847 81.442 81.937 82.609 82.852 82.782 82.937 83.179 83.399 83.587 83.814 84.024 84.204 84.379 84.564 84.759 84.894 84.962 85.432 86.687 88.919 92.642 93.392 93.052 91.929 87.882 87.529 87.839 88.072 88.077 87.932 88.014 88.089 88.524 95.632 94.627 89.892 89.727 89.774 89.999 90.029 90.114 90.457 90.632 92.119 93.237 93.419 93.604 94.289 96.702 96.814 94.299 92.647 95.092 95.742 96.004 96.202 96.329 96.412 95.457 93.662 92.682 92.469 93.227 98.549 98.572 98.427 98.292 98.157 98.024
80.587 81.249 82.524 82.672 84.004 84.032 82.899 83.037 83.279 83.479 83.647 83.859 84.062 84.342 84.699 84.924 85.017 85.157 85.539 85.767 86.934 87.917 92.774 93.709 93.702 92.894 88.462 87.679 87.959 88.154 88.154 88.009 88.102 88.162 88.592 94.277 91.059 91.184 90.834 92.147 92.292 92.439 92.622 94.769 96.094 96.244 96.354 96.477 96.617 97.032 97.514 97.639 96.709 92.699 95.002 96.139 96.722 96.614 96.602 96.342 95.577 94.194 92.527 92.472 92.892 95.369 95.277 93.992 94.247 93.554 94.099
81.282 81.347 82.594 82.984 83.624 83.689 83.034 83.182 83.309 83.644 83.697 84.332 85.017 85.979 85.577 86.404 85.792 85.422 86.827 86.209 86.849 87.662 92.664 93.777 93.834 93.029 88.779 87.762 88.094 88.227 88.257 88.137 88.164 88.239 88.384 92.739 89.442 90.524 93.922 95.652 95.787 95.914 96.024 96.199 96.912 97.019 97.084 97.154 97.144 97.474 97.772 97.632 96.622 92.242 94.672 95.837 95.919 95.702 95.554 95.532 95.149 94.372 92.409 92.544 92.567 93.192 92.592 92.664 94.062 93.022 94.097
81.317 81.687 82.019 83.487 83.199 83.354 83.394 83.519 83.712 84.349 84.789 84.137 84.997 85.867 85.722 85.624 85.727 86.057 85.589 85.777 86.939 87.669 91.287 93.667 94.037 93.272 90.747 88.019 88.169 88.297 88.474 88.247 88.232 88.307 89.134 91.994 89.479 89.899 94.837 96.442 96.482 96.549 96.584 96.624 97.137 97.022 96.887 96.734 96.607 96.709 96.939 96.807 96.249 91.757 94.447 94.944 95.362 94.764 94.197 94.842 93.257 92.069 92.984 92.604 92.652 93.064 92.612 92.692 93.999 92.929 93.024
82.384 82.444 82.672 83.364 83.584 83.974 83.294 83.427 83.959 83.724 84.532 84.684 84.764 85.627 85.967 85.907 86.554 85.977 86.202 86.447 87.147 87.999 91.802 93.999 94.617 93.889 91.714 88.157 88.574 88.579 88.384 88.284 88.279 88.364 88.477 89.797 89.607 89.714 92.829 96.382 96.219 96.077 95.979 95.857 96.184 96.169 96.074 93.369 92.562 92.564 92.992 92.847 91.847 91.862 92.329 92.414 94.447 94.162 93.177 93.129 92.624 91.677 92.532 92.644 92.692 93.127 92.719 92.904 94.474 94.137 94.122
82.249 82.632 82.739 83.942 84.337 84.594 83.809 83.724 84.787 84.479 85.329 85.829 85.947 87.524 89.364 89.954 89.822 86.047 86.454 86.997 86.787 87.819 90.304 93.962 94.602 94.012 91.957 88.197 88.842 89.107 89.057 88.392 88.329 88.399 88.454 88.662 89.207 89.652 92.097 95.562 95.192 92.512 92.332 92.029 92.939 91.667 90.742 90.934 90.734 90.842 91.442 91.577 91.304 91.504 91.932 91.739 92.112 92.034 92.054 91.957 91.857 91.767 92.139 92.742 92.752 93.427 93.309 93.392 94.642 94.947 93.942
82.822 85.327 85.724 87.239 88.784 88.962 86.217 83.879 87.767 88.729 89.729 90.549 90.717 91.224 91.774 91.932 90.839 85.992 86.172 86.242 86.814 89.159 90.447 93.579 94.584 94.147 92.589 89.304 89.529 89.312 89.207 88.459 88.362 88.417 88.494 88.734 89.147 89.604 91.177 90.842 90.157 90.137 90.209 90.204 91.359 90.807 90.674 90.922 90.817 91.044 91.329 91.324 91.454 91.779 92.177 91.809 91.799 91.817 92.502 92.307 91.892 92.244 92.624 92.802 92.849 93.012 94.039 93.367 94.417 93.962 95.049
87.662 88.634 88.772 89.472 89.937 90.082 87.742 83.599 89.652 90.449 90.569 91.427 91.552 91.759 92.544 92.599 91.784 86.674 86.387 87.709 86.917 89.302 90.104 93.744 94.532 94.292 93.327 89.222 88.222 88.392 88.509 88.437 88.424 88.472 88.572 88.852 89.294 89.599 90.087 90.224 90.052 90.214 91.277 90.294 90.694 90.907 90.747 91.049 90.899 91.092 91.607 91.584 93.249 92.422 92.217 92.887 91.799 91.892 92.282 91.952 91.979 92.169 92.579 93.114 92.874 92.937 94.664 93.509 94.104 95.277 98.812
88.764 89.447 89.604 90.164 90.617 90.614 88.947 83.669 90.089 91.117 91.122 91.787 91.752 91.607 92.254 92.094 91.859 87.347 86.872 88.044 86.852 89.097 90.934 93.477 94.382 94.414 93.602 90.077 88.247 88.722 88.524 88.417 88.452 88.532 88.634 88.984 89.334 89.542 90.099 90.074 90.009 90.104 91.087 90.342 90.529 90.959 90.784 90.977 91.204 91.142 91.924 92.319 93.187 92.777 91.954 92.284 92.117 92.154 92.402 92.134 92.127 92.109 93.067 93.119 92.924 92.954 93.072 93.314 93.689 93.769 98.217
88.854 89.534 89.412 89.577 90.049 89.907 89.207 84.217 87.762 90.554 90.462 90.869 90.937 90.807 91.324 90.247 88.972 87.147 86.724 87.452 87.547 88.984 90.737 92.984 93.944 92.139 90.847 89.179 88.754 88.482 88.522 88.412 88.489 89.014 88.727 89.072 89.364 89.602 90.509 90.117 90.067 90.114 91.077 90.742 90.564 92.757 90.737 91.094 92.659 91.252 91.424 91.987 91.359 91.817 92.592 93.264 92.084 92.372 92.269 92.304 92.147 92.142 92.067 92.814 92.919 92.952 93.049 93.272 93.617 93.762 97.289
87.939 88.704 88.592 87.602 87.927 87.689 86.974 83.914 85.957 89.409 89.044 88.959 88.064 85.432 85.884 85.887 85.947 86.739 86.892 87.817 87.672 88.012 88.477 88.244 88.312 88.474 88.179 88.449 88.517 88.577 88.452 88.432 88.804 89.327 88.792 89.157 89.344 89.632 90.047 90.987 90.497 90.857 90.999 90.807 91.767 90.969 90.647 91.409 93.674 92.964 92.272 92.344 91.629 92.974 92.539 91.987 91.997 92.282 92.394 92.592 92.184 92.169 92.084 93.092 92.962 92.974 93.102 93.257 93.677 93.827 96.462
85.732 84.692 83.979 82.947 83.737 83.857 83.884 84.119 84.502 86.094 85.969 85.639 85.212 85.324 86.044 86.157 86.147 86.762 87.152 87.794 87.937 87.889 87.999 88.634 90.052 88.712 88.562 88.372 88.462 88.417 88.382 88.472 88.532 88.727 88.807 89.182 89.362 89.664 89.492 89.644 89.839 90.019 90.559 90.634 91.644 92.147 90.722 91.614 93.419 93.119 91.647 92.432 91.602 91.512 92.989 92.484 92.044 92.179 93.372 93.357 93.527 93.549 92.339 92.404 93.109 92.987 93.567 93.262 93.654 93.804 95.062
82.154 82.859 83.072 83.147 83.619 83.967 84.037 84.367 84.457 85.302 85.089 85.414 85.602 85.837 86.632 86.552 86.752 87.024 87.174 87.734 89.809 89.294 89.112 88.594 88.579 88.354 88.402 88.367 88.324 88.347 88.412 88.457 88.572 88.822 88.882 89.062 89.202 89.364 89.512 89.689 89.927 90.144 90.772 90.699 90.529 91.127 90.722 91.064 93.067 93.522 91.434 92.419 91.517 91.569 93.134 93.179 92.827 93.764 94.832 94.304 95.184 95.262 94.382 93.459 93.127 92.989 93.697 93.287 93.654 94.239 96.082
82.644 82.912 83.344 83.687 83.949 84.382 84.402 84.722 84.734 85.834 85.419 85.919 86.022 86.252 86.689 87.017 86.994 87.144 87.287 87.389 87.827 87.944 87.757 87.779 87.924 88.117 88.159 88.227 88.312 88.359 88.402 88.492 88.707 88.929 89.094 89.249 89.417 89.577 89.717 89.862 90.054 90.552 90.594 90.959 90.639 91.204 90.842 90.892 92.734 93.407 91.902 92.874 91.544 91.579 92.767 92.839 94.122 94.839 95.747 95.582 95.794 96.032 95.854 94.489 93.384 93.067 93.212 93.372 93.649 94.182 97.824
83.147 83.327 83.839 83.972 84.074 84.429 84.769 84.874 85.074 85.634 85.744 85.852 86.029 86.237 86.477 86.659 86.849 87.639 88.104 87.414 87.432 87.567 87.694 87.792 87.924 88.047 88.149 88.277 88.307 88.344 88.477 88.647 88.799 89.014 89.582 89.527 89.597 89.799 90.294 90.447 90.894 91.524 90.397 90.984 90.757 90.994 91.162 90.942 91.629 93.109 91.549 93.372 94.324 94.557 94.514 92.774 94.557 96.082 96.419 96.672 96.847 96.997 96.264 94.784 92.889 93.072 93.097 93.239 93.412 93.694 97.819
83.194 83.387 83.697 83.974 84.077 84.314 84.547 84.752 84.982 85.182 85.437 85.692 85.914 86.137 86.344 86.557 86.777 87.102 87.294 87.299 87.424 87.562 87.699 87.827 87.944 88.074 88.209 88.292 88.354 88.474 88.732 89.334 89.659 89.342 90.059 89.577 89.997 89.914 89.909 90.157 90.384 90.522 90.472 91.467 90.849 92.042 93.592 93.597 94.027 95.342 97.004 97.129 97.289 97.402 96.894 93.289 93.877 96.167 97.054 97.034 97.009 96.837 96.367 95.307 93.559 93.067 93.092 93.184 93.322 93.454 96.184
82.972 83.222 83.487 83.692 83.937 84.209 84.432 84.677 84.907 85.147 85.434 85.679 85.904 86.152 86.384 86.614 86.757 86.962 87.119 87.287 87.447 87.594 87.779 87.919 88.002 88.139 88.227 88.269 88.399 89.104 89.112 89.294 89.472 90.187 91.147 91.367 91.572 91.439 90.199 90.112 90.364 90.614 90.569 93.832 96.292 96.577 96.684 96.809 96.972 97.674 97.799 97.969 98.107 98.134 98.029 93.279 93.714 95.959 96.237 96.084 95.942 95.812 95.554 95.067 93.762 93.027 93.099 93.189 93.292 93.409 95.187
82.899 83.112 83.429 83.672 83.932 84.204 84.472 84.704 84.937 85.202 85.477 85.729 85.934 86.159 86.354 86.632 86.772 87.019 87.279 87.442 87.589 87.759 87.999 88.059 88.099 88.189 88.244 88.282 88.444 89.582 89.092 89.367 90.367 95.279 96.209 96.814 96.149 95.327 91.742 90.179 90.474 90.627 90.674 94.082 97.202 97.357 97.457 97.484 97.484 97.962 98.029 97.939 97.829 97.697 97.562 94.062 93.729 95.327 95.094 94.792 94.254 93.907 94.652 92.564 92.862 93.052 93.089 93.169 93.274 93.369 94.977
82.927 83.167 83.452 83.699 84.214 84.937 85.167 85.902 85.024 85.252 85.519 85.714 85.974 86.219 86.399 86.609 86.837 87.112 87.399 87.604 87.789 87.939 88.087 88.287 88.312 88.229 88.299 88.329 88.494 89.357 89.052 89.294 89.617 93.969 96.082 96.812 96.287 95.499 93.337 90.004 90.362 90.534 90.714 93.377 97.492 97.369 97.224 97.044 96.954 97.194 97.262 97.162 96.999 95.244 94.287 92.202 92.517 92.252 93.154 92.242 92.212 92.254 92.252 92.209 92.202 93.217 93.099 93.304 93.714 93.732 93.584
83.067 83.327 83.572 83.797 85.157 86.549 86.119 85.922 85.084 85.344 85.612 85.874 86.119 86.339 86.572 86.782 86.989 87.239 87.504 87.739 87.939 88.129 88.199 88.417 88.457 88.402 88.354 88.399 88.534 89.179 88.914 89.229 89.637 93.499 95.934 96.739 96.229 95.319 92.002 89.897 90.387 90.584 90.972 92.777 96.669 96.512 95.577 94.444 92.567 92.412 92.574 92.432 92.309 91.809 91.677 92.039 92.389 92.074 92.162 92.604 92.832 92.357 92.412 92.449 92.564 93.279 93.137 93.182 93.259 93.399 93.474
83.244 83.494 83.757 83.952 84.447 84.924 84.717 84.952 85.209 85.482 85.737 86.024 86.279 86.507 86.762 86.989 87.227 87.472 87.677 87.854 87.999 88.117 88.297 88.499 88.569 88.514 88.452 88.507 88.602 89.834 90.767 89.374 89.647 93.249 95.809 96.492 95.917 94.837 90.614 89.917 90.524 90.754 90.884 91.687 93.052 92.387 91.532 91.069 91.109 91.294 91.562 91.599 91.637 91.679 91.772 92.209 92.022 92.132 92.184 92.309 92.424 92.502 92.557 92.644 92.814 93.022 93.117 93.197 93.264 93.354 93.469
83.652 83.874 84.032 84.212 84.349 84.547 84.742 84.962 85.304 85.617 85.929 86.222 86.444 86.672 87.002 87.274 87.499 87.717 87.899 88.004 88.167 88.252 88.609 88.579 88.604 88.904 89.187 88.589 88.634 89.322 90.107 89.097 89.592 92.559 95.697 96.422 96.039 95.162 90.899 89.937 90.552 90.822 90.979 90.967 91.117 91.129 91.114 91.167 91.247 91.299 91.514 91.642 91.772 91.729 91.827 92.642 92.052 92.119 92.217 92.309 92.422 92.534 92.644 92.759 92.899 93.024 93.157 93.197 93.269 93.339 93.469
84.072 84.197 84.262 84.344 84.497 84.667 84.797 84.979 85.382 85.774 86.119 86.407 86.567 86.802 87.167 87.537 87.802 88.474 90.204 92.319 92.087 90.957 88.827 89.459 88.947 88.879 89.607 88.667 88.692 88.987 89.699 89.277 89.609 91.949 95.629 96.557 96.432 95.669 92.562 90.229 90.529 90.802 91.049 91.439 91.244 91.212 91.189 91.282 91.342 91.382 91.639 91.699 91.774 91.747 91.832 92.272 91.974 92.077 92.214 92.314 92.437 92.522 92.634 92.754 92.897 93.052 93.169 93.259 93.289 93.374 93.477
84.327 84.334 84.344 84.449 85.244 85.114 85.422 85.062 85.414 85.857 86.234 86.567 86.654 86.929 87.279 88.014 88.242 92.354 94.442 95.099 94.384 93.262 89.094 89.104 89.499 89.442 89.209 88.739 88.809 88.974 90.157 90.102 90.147 90.687 95.839 96.804 96.897 96.084 93.957 90.417 90.614 91.582 91.469 91.332 91.192 91.207 91.237 91.314 91.402 91.502 91.882 91.664 91.694 91.757 91.852 91.929 92.009 92.122 92.259 92.359 92.469 92.592 93.217 93.199 92.854 93.017 93.157 93.257 93.349 93.404 93.482
88.854 88.502 86.102 84.304 84.709 84.882 85.269 85.124 85.464 85.827 86.299 86.662 86.832 86.959 87.369 88.017 88.264 91.987 94.487 95.122 94.517 93.549 89.219 88.927 90.287 89.812 89.009 88.829 88.882 89.027 90.244 89.797 90.069 90.927 95.774 96.674 96.992 96.217 94.419 90.409 90.792 91.139 91.257 91.209 91.104 91.194 91.259 91.342 91.464 91.612 91.609 91.722 91.762 91.804 91.889 91.994 92.024 92.094 92.244 92.387 92.452 92.822 93.422 93.317 92.949 93.134 93.582 93.449 93.342 93.409 93.499
90.839 90.202 88.359 84.337 84.449 84.767 85.414 85.179 85.499 85.864 86.359 86.754 86.942 87.164 87.322 87.954 88.267 91.004 94.359 95.079 94.664 93.884 89.479 88.612 88.884 89.362 88.907 88.907 90.122 89.717 90.127 89.432 89.942 90.367 94.982 96.529 97.049 96.352 94.704 90.742 90.977 90.987 91.112 91.184 91.202 91.307 91.382 91.462 91.517 91.617 91.699 91.804 91.862 91.812 91.979 92.032 92.097 92.234 92.347 92.464 92.717 92.977 92.924 93.042 93.082 93.227 93.864 94.259 93.357 93.377 93.467
90.794 90.354 88.842 84.334 84.467 84.789 85.164 85.247 85.517 85.917 86.394 86.832 87.012 87.094 87.437 87.952 88.317 90.204 94.212 95.029 94.789 93.989 90.254 88.642 88.997 89.852 89.039 88.972 90.237 90.902 90.094 90.454 90.129 90.642 94.039 96.422 97.039 96.447 95.642 91.552 90.929 91.092 91.194 91.264 91.259 91.347 91.462 91.534 91.604 91.702 91.764 91.842 91.832 91.962 92.089 92.474 92.207 92.369 92.504 92.482 92.557 92.869 93.054 93.147 93.164 93.239 93.629 94.249 93.309 93.354 93.457
90.724 90.512 89.689 85.234 84.507 84.849 85.207 85.322 85.547 85.914 86.434 86.919 87.154 87.224 87.487 87.909 88.304 90.094 94.049 94.914 94.999 94.222 91.154 89.097 89.232 90.822 89.307 89.044 89.337 90.314 90.147 89.972 89.757 90.274 92.782 96.267 97.039 96.599 95.769 91.489 90.737 91.082 91.177 91.209 91.317 91.379 91.494 91.587 91.682 91.742 91.817 91.864 91.879 92.337 92.249 92.224 92.312 92.472 92.477 92.512 92.582 92.787 93.152 93.242 93.329 93.267 93.369 94.129 93.322 93.394 93.497
90.894 91.082 90.214 85.887 84.767 84.969 85.309 85.832 85.577 85.937 86.444 86.962 87.239 87.282 87.477 87.914 88.364 88.467 93.694 95.249 95.619 94.839 93.144 89.179 89.232 89.647 89.362 89.174 89.224 89.472 89.634 89.767 89.919 90.514 92.139 96.167 96.939 96.887 95.922 92.687 90.764 91.074 91.217 91.319 91.464 91.422 91.532 91.652 91.719 91.784 91.834 91.877 91.947 92.267 92.259 92.334 92.422 92.522 92.544 92.552 92.574 93.824 95.777 96.067 96.309 96.577 98.557 98.072 93.967 93.364 93.502
90.937 91.192 90.389 86.734 84.859 85.122 85.487 85.912 85.664 85.959 86.449 87.027 87.354 87.429 87.552 87.844 88.719 88.902 93.537 95.199 95.667 94.987 93.337 89.147 89.342 89.827 89.914 89.284 89.279 89.324 89.704 91.114 91.517 90.987 92.312 96.047 96.827 96.837 96.047 93.469 90.647 91.112 91.274 91.344 91.402 91.412 91.567 91.669 91.757 91.822 91.862 91.939 92.007 92.017 92.139 92.327 93.817 94.394 94.784 97.399 97.887 98.129 98.949 99.092 99.244 99.364 99.514 99.497 95.299 93.337 93.479
