images/bin_data/sk5545_DSM_2M.asc
ncols 500
nrows 500
xllcorner    455000
yllcorner    345000
cellsize     2
NODATA_value -9999
[rows 256 to 287 of 500, columns 284 to 354 of 500]
73.064 73.077 73.132 73.354 73.402 73.354 73.472 73.727 73.802 74.027 75.542 74.612 73.759 73.754 74.447 74.492 76.327 75.982 74.402 74.472 75.994 78.367 78.757 80.054 80.397 80.782 80.842 80.639 80.384 79.854 79.294 77.984 75.874 74.447 74.322 74.579 75.009 75.534 75.459 75.692 75.889 76.259 76.982 76.809 76.762 76.884 77.044 77.192 77.339 77.587 77.902 78.219 78.507 78.782 79.064 79.179 79.244 79.379 79.482 79.607 79.709 79.844 80.054 80.312 80.974 83.719 83.754 81.977 82.432 84.492 87.079
73.157 73.177 73.469 73.799 73.659 73.567 74.189 74.134 73.802 73.802 75.404 75.617 73.759 73.912 74.119 74.214 75.799 77.177 78.767 79.689 80.172 80.492 80.787 80.807 80.672 80.389 80.062 79.414 77.374 74.417 74.372 74.402 74.994 75.752 75.419 75.769 75.837 76.084 76.084 76.247 76.297 76.359 76.832 76.627 76.859 77.102 77.387 77.594 77.822 78.089 78.414 78.697 78.969 79.202 79.387 79.379 79.449 79.574 79.729 79.852 79.977 80.159 80.374 80.612 80.979 82.814 84.067 83.904 86.534 87.894 88.462
73.434 73.702 74.374 73.572 73.834 73.729 75.647 75.137 73.774 73.789 74.789 76.154 74.934 75.314 74.254 79.154 79.969 80.284 80.617 80.877 80.892 80.627 80.272 79.947 78.619 75.999 75.439 75.157 75.119 74.737 74.907 75.209 75.844 77.117 76.309 76.254 76.529 76.244 76.222 76.239 76.379 76.689 77.167 77.312 77.557 77.794 78.049 78.317 78.522 78.772 79.012 79.252 79.439 79.589 79.642 79.612 79.654 79.782 79.939 80.094 80.234 80.439 80.647 80.909 81.189 81.602 83.059 82.372 87.372 88.864 89.194
73.604 73.632 74.274 74.357 73.774 73.789 74.492 75.947 73.927 74.007 74.302 77.577 79.162 79.852 76.257 77.799 80.904 80.837 80.549 80.209 79.254 78.792 76.384 75.237 74.992 74.437 74.817 74.799 75.379 75.624 75.579 75.959 76.049 76.637 76.647 76.199 76.212 76.439 76.749 76.954 77.299 77.607 77.817 78.029 78.229 78.497 78.767 78.987 79.182 79.372 79.539 79.639 79.739 79.802 79.814 79.802 79.947 79.909 80.102 80.299 80.452 80.634 80.864 81.149 81.387 81.604 81.789 81.912 84.877 88.629 88.567
73.714 73.759 75.309 75.907 73.822 73.859 74.152 76.094 76.407 77.752 78.709 79.924 80.299 80.234 78.732 76.252 79.952 79.612 78.259 74.829 75.964 75.469 74.684 74.877 75.519 75.257 75.557 76.014 76.097 76.477 76.147 76.149 76.134 76.124 76.454 76.537 77.262 77.467 77.659 77.892 78.114 78.237 78.434 78.629 78.847 79.069 79.239 79.402 79.514 79.664 79.744 79.809 79.867 79.864 79.864 79.902 79.922 80.027 80.167 80.357 80.524 80.742 80.997 81.292 81.532 81.694 81.854 81.979 81.997 85.324 86.764
73.939 73.777 74.252 76.104 74.842 73.904 74.632 77.779 79.572 80.062 80.294 80.104 79.807 79.254 75.682 74.234 74.954 74.397 74.397 74.914 75.464 75.659 75.359 76.364 76.119 76.537 77.192 77.007 76.824 76.124 76.407 76.397 76.772 77.237 77.459 77.592 77.807 77.982 78.149 78.389 78.604 78.747 78.912 79.077 79.244 79.369 79.437 79.559 79.594 79.654 79.699 79.802 79.847 79.827 79.877 79.962 80.012 80.112 80.244 80.342 80.499 80.722 80.977 81.309 81.662 81.859 81.999 82.114 82.134 82.647 82.742
74.652 73.792 73.832 75.579 76.542 78.459 79.604 80.097 80.377 80.134 79.737 77.094 74.607 74.364 74.184 74.487 75.259 75.464 75.137 76.064 76.509 76.394 76.799 76.047 76.327 76.239 76.107 76.172 76.602 76.944 77.282 77.584 77.669 77.852 77.982 78.127 78.297 78.452 78.607 78.784 78.899 79.002 79.119 79.279 79.374 79.467 79.509 79.894 80.209 80.464 79.667 79.767 79.864 79.852 79.894 79.914 79.999 80.132 80.222 80.327 80.529 80.777 81.104 81.402 81.747 82.037 82.257 82.407 82.409 82.384 82.377
75.752 73.999 75.442 78.799 79.714 80.179 80.377 80.124 79.642 78.864 75.332 74.964 73.877 74.177 75.082 75.369 75.374 77.074 76.174 76.652 77.139 76.609 76.049 76.054 76.279 76.734 76.817 77.457 77.597 77.732 78.002 79.014 78.129 78.274 78.409 78.517 78.622 78.704 78.774 78.894 79.009 79.099 79.219 79.309 79.432 79.487 79.477 79.649 79.867 79.909 79.854 79.897 79.994 80.047 80.079 80.074 80.067 80.097 80.239 80.347 80.627 81.082 81.379 81.607 81.922 82.229 82.474 82.719 82.849 82.859 82.857
77.814 79.257 79.794 80.259 80.389 80.049 79.517 77.647 76.239 74.107 73.814 74.254 74.329 75.049 76.447 78.189 77.012 76.024 76.262 76.082 76.089 76.119 76.147 76.649 77.414 77.567 77.767 77.954 78.047 78.137 78.259 78.347 78.457 78.484 78.514 78.619 78.732 78.819 79.294 79.027 79.192 79.144 79.232 79.374 79.382 79.452 79.454 79.654 80.167 80.747 80.204 80.114 80.169 80.167 80.212 80.247 80.269 80.254 80.999 80.557 80.859 81.367 81.757 81.977 82.332 82.539 82.707 82.972 83.207 83.359 83.464
79.844 80.297 80.362 79.984 79.067 77.812 74.559 74.177 74.077 74.317 74.489 75.144 76.102 78.507 77.592 77.464 76.292 76.474 76.587 76.384 76.294 76.319 76.892 77.549 77.787 77.917 78.089 78.194 78.247 78.319 78.372 78.447 78.692 78.674 78.767 78.772 79.014 79.164 79.247 79.082 79.224 79.277 79.177 79.347 79.507 79.792 79.642 79.849 80.509 81.004 80.472 80.279 80.367 80.372 80.382 80.424 80.417 80.484 81.084 80.752 81.229 81.769 82.279 82.464 82.849 83.074 83.124 83.222 83.444 83.647 83.942
80.219 79.807 79.152 77.072 74.599 73.972 74.232 75.329 76.089 75.124 75.662 76.004 76.072 76.399 76.597 77.144 77.187 77.142 76.947 76.782 76.747 77.222 77.602 78.657 78.992 78.069 78.167 78.272 78.307 78.437 78.619 78.679 78.887 78.939 78.964 79.039 79.552 80.067 80.224 80.452 80.707 82.067 81.652 82.367 84.749 84.924 84.247 79.742 80.324 80.332 80.404 80.489 80.534 80.509 80.497 80.547 80.544 80.539 80.659 81.137 81.549 82.292 84.107 84.504 83.614 83.502 83.629 83.672 83.712 83.902 84.189
78.944 76.587 73.994 74.182 74.367 75.184 76.747 80.072 82.904 75.849 76.264 76.309 76.669 77.339 77.432 77.547 77.542 77.434 77.312 77.354 77.719 77.837 78.002 78.049 78.092 78.727 79.317 78.577 78.564 78.747 78.684 79.002 79.267 80.142 81.472 81.922 83.517 84.534 84.802 84.992 85.162 85.337 85.534 85.714 85.899 86.064 86.074 80.592 80.419 80.534 80.594 80.632 80.689 80.652 80.672 80.669 80.684 80.707 81.074 81.497 82.172 82.914 83.819 84.139 83.989 84.254 86.099 84.152 84.107 84.167 84.462
74.117 74.124 74.437 75.027 77.647 80.827 83.032 83.222 82.387 77.857 76.942 77.389 77.497 77.587 77.677 77.747 77.742 77.732 77.694 77.844 77.929 77.994 78.044 78.242 78.434 79.349 78.707 78.739 78.862 78.987 79.014 79.214 80.369 85.074 85.232 85.429 85.602 85.774 85.934 86.092 86.209 86.309 86.482 86.457 86.509 86.407 86.232 81.782 80.404 80.727 80.749 80.747 80.812 80.802 80.804 80.802 80.802 80.984 81.434 81.939 82.739 84.002 83.869 84.044 84.014 86.469 90.169 89.647 86.332 84.342 84.642
74.409 74.902 78.469 81.954 85.119 82.127 82.007 78.824 77.557 77.384 77.479 77.594 77.674 77.729 77.772 77.804 77.799 77.809 77.844 78.097 78.029 78.502 78.439 78.717 78.819 78.927 79.157 79.209 79.124 79.232 79.399 79.349 81.227 86.087 86.364 86.479 86.512 86.559 86.439 86.332 86.147 85.962 85.874 85.624 85.444 85.247 85.102 81.634 80.234 81.012 81.014 80.914 80.967 80.942 80.947 80.912 81.017 81.374 81.807 82.714 83.179 84.682 83.872 84.102 84.452 88.612 90.789 91.709 90.707 87.144 84.709
75.119 77.954 83.784 84.624 82.572 78.817 77.449 77.442 77.519 77.607 77.689 77.704 77.777 77.757 77.772 77.849 78.252 78.022 78.317 78.737 78.834 79.062 79.227 79.239 79.714 79.407 79.649 80.149 81.399 82.564 83.814 83.589 85.014 86.162 86.112 85.942 85.747 85.574 85.382 84.969 84.257 83.569 83.094 82.697 82.372 81.837 81.352 80.602 80.257 81.269 81.247 81.062 81.107 81.127 81.119 81.037 81.282 81.729 82.277 83.087 84.617 84.042 83.954 84.209 86.947 90.339 91.334 91.162 89.854 86.564 88.029
75.952 76.689 79.212 78.742 77.357 77.484 77.597 77.624 77.649 77.702 77.722 77.754 77.952 77.949 78.062 78.312 78.414 78.557 79.057 79.384 79.539 79.542 82.064 82.944 83.582 85.029 85.197 85.374 85.572 85.759 85.939 86.109 86.312 85.602 84.967 84.764 84.122 82.767 82.597 80.867 79.557 79.604 79.422 79.464 79.824 79.879 79.874 80.492 82.059 81.527 81.397 81.342 81.279 81.239 81.229 81.274 81.649 82.099 83.042 83.512 84.977 84.409 84.344 84.742 89.364 90.902 91.469 90.602 87.552 87.234 94.974
76.632 76.394 77.102 77.419 77.572 77.627 77.642 77.679 77.687 77.724 77.852 78.219 78.287 78.479 78.787 78.927 78.882 79.054 79.359 83.804 84.619 85.444 85.612 85.797 85.999 86.172 86.354 86.527 86.679 86.769 86.832 86.779 86.642 84.114 80.262 79.934 81.119 80.584 79.907 79.789 79.727 80.259 80.072 80.199 80.432 80.527 80.497 80.819 82.537 82.372 81.569 81.469 81.354 81.359 81.362 81.597 81.957 82.489 83.409 83.879 84.264 85.332 84.827 87.677 90.444 91.367 91.057 89.644 85.662 85.462 90.592
76.714 77.214 77.549 77.602 77.674 77.689 77.687 78.167 78.124 78.194 78.497 78.867 78.977 79.202 79.177 79.204 79.329 79.502 79.667 84.597 86.414 86.612 86.799 86.879 86.877 86.827 86.697 86.517 86.307 86.119 85.932 85.754 85.552 83.477 80.059 79.957 80.587 80.457 80.267 80.702 80.489 80.607 80.869 81.017 81.692 81.362 81.384 81.642 82.717 82.322 81.667 81.509 81.502 81.489 81.584 81.912 82.327 83.272 84.534 84.172 83.989 84.229 85.337 90.022 91.014 91.414 90.499 87.699 84.817 85.527 85.737
77.347 77.572 77.679 77.674 77.689 77.812 77.999 78.354 78.542 78.969 79.432 79.649 79.712 80.002 81.507 81.924 82.772 83.869 84.209 86.134 86.554 86.379 86.282 86.094 85.927 85.734 85.517 85.364 83.949 83.067 82.989 82.454 81.414 81.807 80.414 80.444 81.182 81.274 81.047 81.574 81.309 81.232 81.667 81.677 82.339 82.864 82.747 81.989 82.544 82.107 81.732 81.632 81.629 81.634 81.894 82.269 83.057 83.704 85.217 84.807 84.099 84.217 87.377 90.552 91.429 90.937 89.329 84.612 85.172 85.692 85.952
77.587 77.637 77.712 77.927 78.199 78.442 78.532 78.734 79.259 79.727 80.239 84.602 85.139 85.464 85.619 85.822 86.037 86.199 86.384 86.347 85.507 85.294 84.889 84.467 84.132 83.834 82.047 79.957 79.704 79.924 80.119 80.492 80.049 80.499 80.889 81.029 81.407 81.694 81.672 81.999 81.607 81.994 82.547 82.954 83.249 83.529 82.817 82.382 81.922 81.904 81.787 81.729 82.667 81.899 82.254 82.812 83.784 84.124 83.952 83.989 84.169 85.432 89.914 91.092 91.334 90.402 86.777 84.839 85.864 86.152 85.967
77.832 77.999 78.274 78.647 79.017 79.164 79.309 79.302 80.234 80.024 80.744 86.274 86.422 86.644 86.792 86.927 87.069 87.102 87.062 85.474 80.379 79.559 79.702 79.697 79.694 80.079 79.799 80.152 80.612 80.672 80.697 81.049 80.922 81.294 81.752 81.567 81.894 82.594 82.087 83.019 82.174 82.659 83.617 82.937 82.407 82.084 82.027 82.029 81.959 81.892 81.889 82.539 82.957 82.252 82.657 83.549 84.314 85.932 84.789 84.392 84.609 88.729 90.649 91.534 90.842 88.832 84.649 85.242 85.822 86.127 86.207
78.299 78.419 78.939 79.412 81.799 79.969 79.839 80.137 80.332 80.962 80.752 85.942 87.127 87.012 86.862 86.697 86.519 86.312 86.109 85.919 80.924 80.564 80.494 80.434 80.457 80.834 80.824 80.859 81.247 81.309 81.447 81.757 81.624 82.789 82.657 81.824 83.144 84.009 82.482 83.034 82.457 82.174 82.157 82.144 82.174 82.194 82.177 82.159 82.034 82.004 81.994 82.152 82.362 82.647 83.224 84.072 84.664 85.084 84.989 85.029 87.354 90.389 91.222 91.394 90.309 86.217 84.994 85.642 86.224 86.314 86.597
78.744 79.107 79.457 82.187 85.592 83.744 80.029 80.107 80.262 80.259 80.464 84.792 86.059 85.862 85.714 85.519 83.744 82.694 82.527 82.562 81.317 80.797 81.104 80.724 80.849 81.259 81.329 81.619 82.169 81.769 82.367 82.757 81.897 82.472 82.294 81.904 82.414 82.577 82.414 82.137 82.229 82.282 82.307 82.309 82.337 82.314 82.244 82.147 82.067 82.087 82.124 82.292 82.649 83.017 83.909 85.037 85.302 84.829 84.872 85.204 89.914 91.619 92.104 90.877 87.927 84.659 85.337 86.029 86.497 86.529 87.177
79.212 79.852 82.862 85.657 86.432 86.622 82.859 79.989 80.169 80.572 80.084 82.387 83.632 82.384 80.692 79.767 79.892 80.047 80.177 80.767 81.432 81.072 82.002 81.467 81.592 83.112 81.867 82.024 82.952 82.072 82.137 81.837 81.817 81.892 81.982 82.034 82.134 82.234 82.364 82.399 82.452 82.484 82.497 82.472 82.359 82.364 82.269 82.244 82.184 82.217 82.344 82.644 82.989 83.497 84.484 85.064 85.809 84.857 84.999 88.152 91.157 92.202 92.102 90.949 86.124 85.157 85.544 86.684 86.677 87.052 87.624
80.212 82.919 85.752 86.514 86.689 85.972 84.319 80.214 80.257 80.622 80.462 79.819 79.872 80.214 80.292 79.969 80.989 81.584 81.069 81.894 82.132 81.322 82.984 82.127 81.802 81.972 81.684 81.584 81.689 81.762 81.909 81.999 82.124 82.229 82.314 82.404 82.509 82.582 82.642 82.644 82.622 82.644 82.637 82.522 82.387 82.414 82.354 82.322 82.332 82.447 82.677 82.944 83.302 84.219 84.969 85.852 84.807 84.967 86.089 90.547 91.764 92.334 91.534 89.354 85.677 86.739 86.319 86.784 86.949 87.494 87.669
83.529 85.794 86.542 86.624 85.909 84.309 80.949 80.267 80.507 80.822 80.902 80.637 80.234 80.784 81.637 81.159 81.759 82.317 81.217 81.779 81.927 81.562 81.649 81.509 81.624 81.739 81.859 81.999 82.139 82.264 82.464 82.544 82.659 82.712 82.734 82.759 82.812 82.784 82.734 82.687 82.632 82.622 82.572 82.539 82.502 82.464 82.464 82.492 82.614 82.784 83.007 83.289 83.872 84.757 86.094 85.479 85.037 85.114 87.854 91.299 92.244 91.967 90.977 85.614 86.172 86.794 86.872 86.959 87.244 87.647 87.712
85.902 86.617 86.599 85.852 83.917 80.849 79.749 80.157 80.834 81.687 80.994 81.299 81.242 81.284 82.547 81.704 81.182 81.257 81.379 81.494 81.644 81.799 81.959 82.184 82.347 82.469 82.627 82.774 82.834 82.912 82.924 82.889 82.954 82.944 82.902 82.842 82.802 82.789 82.782 82.744 82.739 82.697 82.644 82.597 82.587 82.592 82.679 82.824 82.959 83.124 83.384 83.624 84.692 84.942 85.232 85.244 85.139 85.824 90.427 91.862 92.324 91.432 89.082 85.812 86.602 86.972 86.997 87.092 87.449 87.689 87.819
86.657 86.577 85.787 83.779 80.734 80.304 80.319 80.414 81.209 82.664 80.859 80.929 81.039 81.117 81.247 81.422 81.664 81.904 82.144 82.324 82.542 82.689 82.782 82.889 82.987 82.972 82.952 82.942 82.942 82.939 82.914 82.909 82.872 82.919 82.882 82.897 82.869 82.859 82.842 82.804 82.794 82.767 82.747 82.752 82.827 82.922 83.044 83.192 83.314 83.499 83.707 84.527 85.427 85.712 85.499 85.102 85.139 88.777 91.389 92.267 91.867 89.932 85.769 86.157 86.884 87.134 87.192 87.299 87.564 88.009 88.739
86.537 85.444 83.214 80.084 80.379 80.542 81.047 81.562 80.997 81.214 80.972 81.187 81.574 81.792 82.069 82.397 82.749 82.959 83.069 83.037 83.054 83.052 83.047 83.024 83.042 83.009 82.977 82.952 82.984 82.989 82.959 82.937 82.954 82.997 82.977 82.967 82.967 82.949 82.949 83.007 83.049 83.072 83.087 83.287 83.307 83.382 83.487 83.614 83.724 83.872 84.034 85.182 86.519 86.727 85.557 85.587 85.987 90.669 91.977 92.272 91.324 87.824 85.827 86.592 87.244 87.317 87.472 87.612 87.809 88.809 88.874
85.662 83.249 79.922 80.447 80.887 80.922 81.344 82.024 81.189 81.104 81.572 82.034 82.429 82.717 82.987 83.094 83.384 84.029 83.579 83.034 83.014 83.042 83.044 83.009 83.019 83.019 83.017 82.994 83.002 83.047 83.019 83.049 83.064 83.079 83.087 83.094 83.117 83.174 83.309 83.414 83.512 83.574 83.647 83.739 83.787 83.869 83.932 84.057 84.179 84.317 84.867 85.599 87.144 85.522 85.279 85.384 89.157 91.489 92.362 91.767 89.512 86.174 86.264 86.997 87.399 87.529 87.734 87.934 88.147 88.502 88.799
83.459 79.814 80.262 80.492 81.527 81.704 81.447 81.189 81.159 81.712 82.359 82.869 83.144 83.594 83.919 83.422 83.052 83.064 83.032 82.979 82.984 82.962 83.009 82.992 82.989 82.974 83.049 83.042 83.124 83.184 83.244 83.324 83.327 83.339 83.337 83.339 83.329 83.514 83.764 83.949 84.059 84.107 84.202 84.387 84.547 84.707 85.492 85.647 85.607 85.727 85.622 86.477 87.039 86.194 85.459 87.017 91.037 92.042 92.169 91.214 86.787 86.002 86.764 87.504 87.587 87.797 88.024 88.274 88.462 88.659 88.934
79.749 80.444 80.694 80.912 81.369 82.052 80.909 81.257 81.882 82.557 83.127 83.197 83.172 83.484 83.499 83.099 82.989 82.997 83.072 83.244 83.127 83.154 83.162 83.174 83.147 83.187 83.224 83.299 83.352 83.379 83.482 83.657 83.734 83.632 83.657 83.657 83.672 84.157 84.599 84.804 85.019 85.857 85.932 85.942 85.989 86.227 86.254 87.159 87.827 88.337 86.742 87.437 87.254 86.967 86.122 87.869 90.962 92.382 91.777 89.409 85.527 86.397 87.309 87.732 87.862 88.082 88.319 88.579 88.819 89.042 89.292
